0.0000 	0.0000 	0.0000 	0.0000 	0.0000 	0.0000 	0.0000 	0.0000 	1.0000 
0.0000 	0.0000 	0.0000 	0.0000 	0.0000 	0.0000 	0.0000 	0.0000 	1.0000 
0.0000 	0.0000 	0.0000 	0.0000 	0.0000 	0.0000 	0.0000 	0.0000 	1.0000 
0.0000 	0.0000 	0.0000 	0.0000 	0.0000 	0.0000 	0.0000 	0.0000 	1.0000 
0.0000 	0.0000 	0.0000 	0.0000 	0.0000 	0.0000 	0.0000 	0.0000 	1.0000 
0.0000 	0.0000 	0.0000 	0.0000 	0.0000 	0.0000 	0.0000 	0.0000 	1.0000 
0.0000 	0.0000 	0.0000 	0.0000 	0.0000 	0.0000 	0.0000 	0.0000 	1.0000 
0.0000 	0.0000 	0.0000 	0.0000 	0.0000 	0.0000 	0.0000 	0.0000 	1.0000 
0.0000 	0.0000 	0.0000 	0.0000 	0.0000 	0.0000 	0.0000 	0.0000 	1.0000 
0.0000 	0.0000 	0.0000 	0.0000 	0.0000 	0.0000 	0.0000 	0.0000 	1.0000 
0.0000 	0.0000 	0.0000 	0.0000 	0.0000 	0.0000 	0.0000 	0.0000 	1.0000 
0.0000 	0.0000 	0.0000 	0.0000 	0.0000 	0.0000 	0.0000 	0.0000 	1.0000 
0.0000 	0.0000 	0.0000 	0.0000 	0.0000 	0.0000 	0.0000 	0.0000 	1.0000 
0.0000 	0.0000 	0.0000 	0.0000 	0.0000 	0.0000 	0.0000 	0.0000 	1.0000 
0.0000 	0.0000 	0.0000 	0.0000 	0.0000 	0.0000 	0.0000 	0.0000 	1.0000 
0.0000 	0.0000 	0.0000 	0.0000 	0.0000 	0.0000 	0.0000 	0.0000 	1.0000 
0.0000 	0.0000 	0.0000 	0.0000 	0.0000 	0.0000 	0.0000 	0.0000 	1.0000 
0.0000 	0.0000 	0.0000 	0.0000 	0.0000 	0.0000 	0.0000 	0.0000 	1.0000 
0.0000 	0.0000 	0.0000 	0.0000 	0.0000 	0.0000 	0.0000 	0.0000 	1.0000 
0.0000 	0.0000 	0.0000 	0.0000 	0.0000 	0.0000 	0.0000 	0.0000 	1.0000 
0.0000 	0.0000 	0.0000 	0.0000 	0.0000 	0.0000 	0.0000 	0.0000 	1.0000 
0.0000 	0.0000 	0.0000 	0.0000 	0.0000 	0.0000 	0.0000 	0.0000 	1.0000 
0.0000 	0.0000 	0.0000 	0.0000 	0.0000 	0.0000 	0.0000 	0.0000 	1.0000 
0.0000 	0.0000 	0.0000 	0.0000 	0.0000 	0.0000 	0.0000 	0.0000 	1.0000 
0.0000 	0.0000 	0.0000 	0.0000 	0.0000 	0.0000 	0.0000 	0.0000 	1.0000 
0.0000 	0.0000 	0.0000 	0.0000 	0.0000 	0.0000 	0.0000 	0.0000 	1.0000 
0.0000 	0.0000 	0.0000 	0.0000 	0.0000 	0.0000 	0.0000 	0.0000 	1.0000 
0.0000 	0.0000 	0.0000 	0.0000 	0.0000 	0.0000 	0.0000 	0.0000 	1.0000 
0.0000 	0.0000 	0.0000 	0.0000 	0.0000 	0.0000 	0.0000 	0.0000 	1.0000 
0.0000 	0.0000 	0.0000 	0.0000 	0.0000 	0.0000 	0.0000 	0.0000 	1.0000 
0.0000 	0.0000 	0.0000 	0.0000 	0.0000 	0.0000 	0.0000 	0.0000 	1.0000 
0.0000 	0.0000 	0.0000 	0.0000 	0.0000 	0.0000 	0.0000 	0.0000 	1.0000 
0.0000 	0.0000 	0.0000 	0.0000 	0.0000 	0.0000 	0.0000 	0.0000 	1.0000 
0.0000 	0.0000 	0.0000 	0.0000 	0.0000 	0.0000 	0.0000 	0.0000 	1.0000 
0.0000 	0.0000 	0.0000 	0.0000 	0.0000 	0.0000 	0.0000 	0.0000 	1.0000 
0.0000 	0.0000 	0.0000 	0.0000 	0.0000 	0.0000 	0.0000 	0.0000 	1.0000 
0.0000 	0.0000 	0.0000 	0.0000 	0.0000 	0.0000 	0.0000 	0.0000 	1.0000 
0.0000 	0.0000 	0.0000 	0.0000 	0.0000 	0.0000 	0.0000 	0.0000 	1.0000 
0.0000 	0.0000 	0.0000 	0.0000 	0.0000 	0.0000 	0.0000 	0.0000 	1.0000 
0.0000 	0.0000 	0.0000 	0.0000 	0.0000 	0.0000 	0.0000 	0.0000 	1.0000 
0.0000 	0.0000 	0.0000 	0.0000 	0.0000 	0.0000 	0.0000 	0.0000 	1.0000 
0.0000 	0.0000 	0.0000 	0.0000 	0.0000 	0.0000 	0.0000 	0.0000 	1.0000 
0.0000 	0.0000 	0.0000 	0.0000 	0.0000 	0.0000 	0.0000 	0.0000 	1.0000 
0.0000 	0.0000 	0.0000 	0.0000 	0.0000 	0.0000 	0.0000 	0.0000 	1.0000 
0.0000 	0.0000 	0.0000 	0.0000 	0.0000 	0.0000 	0.0000 	0.0000 	1.0000 
0.0000 	0.0000 	0.0000 	0.0000 	0.0000 	0.0000 	0.0000 	0.0000 	1.0000 
0.0000 	0.0000 	0.0000 	0.0000 	0.0000 	0.0000 	0.0000 	0.0000 	1.0000 
0.0000 	0.0000 	0.0000 	0.0000 	0.0000 	0.0000 	0.0000 	0.0000 	1.0000 
0.0000 	0.0000 	0.0000 	0.0000 	0.0000 	0.0000 	0.0000 	0.0000 	1.0000 
0.0000 	0.0000 	0.0000 	0.0000 	0.0000 	0.0000 	0.0000 	0.0000 	1.0000 
0.0000 	0.0000 	0.0000 	0.0000 	0.0000 	0.0000 	0.0000 	0.0000 	1.0000 
0.0000 	0.0000 	0.0000 	0.0000 	0.0000 	0.0000 	0.0000 	0.0000 	1.0000 
0.0000 	0.0000 	0.0000 	0.0000 	0.0000 	0.0000 	0.0000 	0.0000 	1.0000 
0.0000 	0.0000 	0.0000 	0.0000 	0.0000 	0.0000 	0.0000 	0.0000 	1.0000 
0.0000 	0.0000 	0.0000 	0.0000 	0.0000 	0.0000 	0.0000 	0.0000 	1.0000 
0.0000 	0.0000 	0.0000 	0.0000 	0.0000 	0.0000 	0.0000 	0.0000 	1.0000 
0.0000 	0.0000 	0.0000 	0.0000 	0.0000 	0.0000 	0.0000 	0.0000 	1.0000 
0.0000 	0.0000 	0.0000 	0.0000 	0.0000 	0.0000 	0.0000 	0.0000 	1.0000 
0.0000 	0.0000 	0.0000 	0.0000 	0.0000 	0.0000 	0.0000 	0.0000 	1.0000 
0.0000 	0.0000 	0.0000 	0.0000 	0.0000 	0.0000 	0.0000 	0.0000 	1.0000 
0.0000 	0.0000 	0.0000 	0.0000 	0.0000 	0.0000 	0.0000 	0.0000 	1.0000 
0.0000 	0.0000 	0.0000 	0.0000 	0.0000 	0.0000 	0.0000 	0.0000 	1.0000 
0.0000 	0.0000 	0.0000 	0.0000 	0.0000 	0.0000 	0.0000 	0.0000 	1.0000 
0.0000 	0.0000 	0.0000 	0.0000 	0.0000 	0.0000 	0.0000 	0.0000 	1.0000 
0.0000 	0.0000 	0.0000 	0.0000 	0.0000 	0.0000 	0.0000 	0.0000 	1.0000 
0.0000 	0.0000 	0.0000 	0.0000 	0.0000 	0.0000 	0.0000 	0.0000 	1.0000 
0.0000 	0.0000 	0.0000 	0.0000 	0.0000 	0.0000 	0.0000 	0.0000 	1.0000 
0.0000 	0.0000 	0.0000 	0.0000 	0.0000 	0.0000 	0.0000 	0.0000 	1.0000 
0.0000 	0.0000 	0.0000 	0.0000 	0.0000 	0.0000 	0.0000 	0.0000 	1.0000 
0.0000 	0.0000 	0.0000 	0.0000 	0.0000 	0.0000 	0.0000 	0.0000 	1.0000 
0.0000 	0.0000 	0.0000 	0.0000 	0.0000 	0.0000 	0.0000 	0.0000 	1.0000 
0.0000 	0.0000 	0.0000 	0.0000 	0.0000 	0.0000 	0.0000 	0.0000 	1.0000 
0.0000 	0.0000 	0.0000 	0.0000 	0.0000 	0.0000 	0.0000 	0.0000 	1.0000 
0.0000 	0.0000 	0.0000 	0.0000 	0.0000 	0.0000 	0.0000 	0.0000 	1.0000 
0.0000 	0.0000 	0.0000 	0.0000 	0.0000 	0.0000 	0.0000 	0.0000 	1.0000 
0.0000 	0.0000 	0.0000 	0.0000 	0.0000 	0.0000 	0.0000 	0.0000 	1.0000 
0.0000 	0.0000 	0.0000 	0.0000 	0.0000 	0.0000 	0.0000 	0.0000 	1.0000 
0.0000 	0.0000 	0.0000 	0.0000 	0.0000 	0.0000 	0.0000 	0.0000 	1.0000 
0.0000 	0.0000 	0.0000 	0.0000 	0.0000 	0.0000 	0.0000 	0.0000 	1.0000 
0.0000 	0.0000 	0.0000 	0.0000 	0.0000 	0.0000 	0.0000 	0.0000 	1.0000 
0.0000 	0.0000 	0.0000 	0.0000 	0.0000 	0.0000 	0.0000 	0.0000 	1.0000 
0.0000 	0.0000 	0.0000 	0.0000 	0.0000 	0.0000 	0.0000 	0.0000 	1.0000 
0.0000 	0.0000 	0.0000 	0.0000 	0.0000 	0.0000 	0.0000 	0.0000 	1.0000 
0.0000 	0.0000 	0.0000 	0.0000 	0.0000 	0.0000 	0.0000 	0.0000 	1.0000 
0.0000 	0.0000 	0.0000 	0.0000 	0.0000 	0.0000 	0.0000 	0.0000 	1.0000 
0.0000 	0.0000 	0.0000 	0.0000 	0.0000 	0.0000 	0.0000 	0.0000 	1.0000 
0.0000 	0.0000 	0.0000 	0.0000 	0.0000 	0.0000 	0.0000 	0.0000 	1.0000 
0.0000 	0.0000 	0.0000 	0.0000 	0.0000 	0.0000 	0.0000 	0.0000 	1.0000 
0.0000 	0.0000 	0.0000 	0.0000 	0.0000 	0.0000 	0.0000 	0.0000 	1.0000 
0.0000 	0.0000 	0.0000 	0.0000 	0.0000 	0.0000 	0.0000 	0.0000 	1.0000 
0.0000 	0.0000 	0.0000 	0.0000 	0.0000 	0.0000 	0.0000 	0.0000 	1.0000 
0.0000 	0.0000 	0.0000 	0.0000 	0.0000 	0.0000 	0.0000 	0.0000 	1.0000 
0.0000 	0.0000 	0.0000 	0.0000 	0.0000 	0.0000 	0.0000 	0.0000 	1.0000 
0.0000 	0.0000 	0.0000 	0.0000 	0.0000 	0.0000 	0.0000 	0.0000 	1.0000 
0.0000 	0.0000 	0.0000 	0.0000 	0.0000 	0.0000 	0.0000 	0.0000 	1.0000 
0.0000 	0.0000 	0.0000 	0.0000 	0.0000 	0.0000 	0.0000 	0.0000 	1.0000 
0.0000 	0.0000 	0.0000 	0.0000 	0.0000 	0.0000 	0.0000 	0.0000 	1.0000 
0.0000 	0.0000 	0.0000 	0.0000 	0.0000 	0.0000 	0.0000 	0.0000 	1.0000 
0.0000 	0.0000 	0.0000 	0.0000 	0.0000 	0.0000 	0.0000 	0.0000 	1.0000 
0.0000 	0.0000 	0.0000 	0.0000 	0.0000 	0.0000 	0.0000 	0.0000 	1.0000 
0.0000 	0.0000 	0.0000 	0.0000 	0.0000 	0.0000 	0.0000 	0.0000 	1.0000 
0.0000 	0.0000 	0.0000 	0.0000 	0.0000 	0.0000 	0.0000 	0.0000 	1.0000 
0.0000 	0.0000 	0.0000 	0.0000 	0.0000 	0.0000 	0.0000 	0.0000 	1.0000 
0.0000 	0.0000 	0.0000 	0.0000 	0.0000 	0.0000 	0.0000 	0.0000 	1.0000 
0.0000 	0.0000 	0.0000 	0.0000 	0.0000 	0.0000 	0.0000 	0.0000 	1.0000 
0.0000 	0.0000 	0.0000 	0.0000 	0.0000 	0.0000 	0.0000 	0.0000 	1.0000 
0.0000 	0.0000 	0.0000 	0.0000 	0.0000 	0.0000 	0.0000 	0.0000 	1.0000 
0.0000 	0.0000 	0.0000 	0.0000 	0.0000 	0.0000 	0.0000 	0.0000 	1.0000 
0.0000 	0.0000 	0.0000 	0.0000 	0.0000 	0.0000 	0.0000 	0.0000 	1.0000 
0.0000 	0.0000 	0.0000 	0.0000 	0.0000 	0.0000 	0.0000 	0.0000 	1.0000 
0.0000 	0.0000 	0.0000 	0.0000 	0.0000 	0.0000 	0.0000 	0.0000 	1.0000 
0.0000 	0.0000 	0.0000 	0.0000 	0.0000 	0.0000 	0.0000 	0.0000 	1.0000 
0.0000 	0.0000 	0.0000 	0.0000 	0.0000 	0.0000 	0.0000 	0.0000 	1.0000 
0.0000 	0.0000 	0.0000 	0.0000 	0.0000 	0.0000 	0.0000 	0.0000 	1.0000 
0.0000 	0.0000 	0.0000 	0.0000 	0.0000 	0.0000 	0.0000 	0.0000 	1.0000 
0.0000 	0.0000 	0.0000 	0.0000 	0.0000 	0.0000 	0.0000 	0.0000 	1.0000 
0.0000 	0.0000 	0.0000 	0.0000 	0.0000 	0.0000 	0.0000 	0.0000 	1.0000 
0.0000 	0.0000 	0.0000 	0.0000 	0.0000 	0.0000 	0.0000 	0.0000 	1.0000 
0.0000 	0.0000 	0.0000 	0.0000 	0.0000 	0.0000 	0.0000 	0.0000 	1.0000 
0.0000 	0.0000 	0.0000 	0.0000 	0.0000 	0.0000 	0.0000 	0.0000 	1.0000 
0.0000 	0.0000 	0.0000 	0.0000 	0.0000 	0.0000 	0.0000 	0.0000 	1.0000 
0.0000 	0.0000 	0.0000 	0.0000 	0.0000 	0.0000 	0.0000 	0.0000 	1.0000 
0.0000 	0.0000 	0.0000 	0.0000 	0.0000 	0.0000 	0.0000 	0.0000 	1.0000 
0.0000 	0.0000 	0.0000 	0.0000 	0.0000 	0.0000 	0.0000 	0.0000 	1.0000 
0.0000 	0.0000 	0.0000 	0.0000 	0.0000 	0.0000 	0.0000 	0.0000 	1.0000 
0.0000 	0.0000 	0.0000 	0.0000 	0.0000 	0.0000 	0.0000 	0.0000 	1.0000 
0.0000 	0.0000 	0.0000 	0.0000 	0.0000 	0.0000 	0.0000 	0.0000 	1.0000 
0.0000 	0.0000 	0.0000 	0.0000 	0.0000 	0.0000 	0.0000 	0.0000 	1.0000 
0.0000 	0.0000 	0.0000 	0.0000 	0.0000 	0.0000 	0.0000 	0.0000 	1.0000 
0.0000 	0.0000 	0.0000 	0.0000 	0.0000 	0.0000 	0.0000 	0.0000 	1.0000 
0.0000 	0.0000 	0.0000 	0.0000 	0.0000 	0.0000 	0.0000 	0.0000 	1.0000 
0.0000 	0.0000 	0.0000 	0.0000 	0.0000 	0.0000 	0.0000 	0.0000 	1.0000 
0.0000 	0.0000 	0.0000 	0.0000 	0.0000 	0.0000 	0.0000 	0.0000 	1.0000 
0.9745 	0.9981 	0.0000 	0.0000 	0.0000 	0.0000 	0.0000 	0.9981 	0.0000 
0.9745 	0.9981 	0.0000 	0.0000 	0.0000 	0.0000 	0.0000 	0.9981 	0.0000 
0.9745 	0.9981 	0.0000 	0.0000 	0.9702 	0.0000 	0.0000 	0.9981 	0.0000 
0.9745 	0.9981 	1.0000 	0.0000 	0.9702 	0.8155 	0.0000 	1.0000 	0.0000 
0.0000 	0.9981 	1.0000 	0.0000 	0.0000 	0.8155 	0.8151 	1.0000 	0.0000 
0.0000 	0.9981 	1.0000 	0.8155 	0.0000 	0.8155 	0.8151 	1.0000 	0.0000 
0.0000 	0.9981 	1.0000 	0.8155 	0.0000 	0.8155 	0.8151 	1.0000 	0.0000 
0.0000 	0.9981 	1.0000 	0.8155 	0.0000 	0.8155 	0.8151 	1.0000 	0.0000 
0.0000 	0.9981 	1.0000 	0.8155 	0.0000 	0.8155 	0.8151 	1.0000 	0.0000 
0.0000 	0.9981 	1.0000 	0.8155 	0.0000 	0.8155 	0.8151 	1.0000 	0.0000 
0.0000 	0.9981 	1.0000 	0.8155 	0.0000 	0.8155 	0.8151 	1.0000 	0.0000 
0.0000 	0.9981 	1.0000 	0.8155 	0.0000 	0.8155 	0.0000 	1.0000 	0.0000 
0.0000 	0.0000 	1.0000 	0.0000 	0.0000 	0.8155 	0.0000 	1.0000 	0.0000 
0.0000 	0.0000 	1.0000 	0.0000 	0.0000 	0.0000 	0.0000 	1.0000 	0.0000 
0.0000 	0.0000 	1.0000 	0.0000 	0.0000 	0.0000 	0.0000 	1.0000 	0.0000 
0.0000 	0.0000 	1.0000 	0.0000 	0.0000 	0.0000 	0.0000 	1.0000 	0.0000 
0.0000 	0.0000 	0.0000 	0.0000 	0.0000 	0.0000 	0.0000 	0.0000 	1.0000 
0.0000 	0.0000 	0.0000 	0.0000 	0.0000 	0.0000 	0.0000 	0.0000 	1.0000 
0.0000 	0.0000 	0.0000 	0.0000 	0.0000 	0.0000 	0.0000 	0.0000 	1.0000 
0.0000 	0.0000 	0.0000 	0.0000 	0.0000 	0.0000 	0.0000 	0.0000 	1.0000 
0.0000 	0.0000 	0.0000 	0.0000 	0.0000 	0.0000 	0.0000 	0.0000 	1.0000 
0.0000 	0.0000 	0.0000 	0.0000 	0.0000 	0.0000 	0.0000 	0.0000 	1.0000 
0.0000 	0.0000 	0.0000 	0.0000 	0.0000 	0.0000 	0.0000 	0.0000 	1.0000 
0.0000 	0.0000 	0.0000 	0.0000 	0.0000 	0.0000 	0.0000 	0.0000 	1.0000 
0.0000 	0.0000 	0.0000 	0.0000 	0.0000 	0.0000 	0.0000 	0.0000 	1.0000 
0.0000 	0.0000 	0.0000 	0.0000 	0.0000 	0.0000 	0.0000 	0.0000 	1.0000 
0.0000 	0.0000 	0.0000 	0.0000 	0.0000 	0.0000 	0.0000 	0.0000 	1.0000 
0.0000 	0.0000 	0.0000 	0.0000 	0.0000 	0.0000 	0.0000 	0.0000 	1.0000 
0.0000 	0.0000 	0.0000 	0.0000 	0.0000 	0.0000 	0.0000 	0.0000 	1.0000 
0.0000 	0.0000 	0.0000 	0.0000 	0.0000 	0.0000 	0.0000 	0.0000 	1.0000 
0.0000 	0.0000 	0.0000 	0.0000 	0.0000 	0.0000 	0.0000 	0.0000 	1.0000 
0.0000 	0.0000 	0.0000 	0.0000 	0.0000 	0.0000 	0.0000 	0.0000 	1.0000 
0.0000 	0.0000 	0.0000 	0.0000 	0.0000 	0.0000 	0.0000 	0.0000 	1.0000 
0.0000 	0.0000 	0.0000 	0.0000 	0.0000 	0.0000 	0.0000 	0.0000 	1.0000 
0.0000 	0.0000 	0.0000 	0.0000 	0.0000 	0.0000 	0.0000 	0.0000 	1.0000 
0.0000 	0.0000 	0.0000 	0.0000 	0.0000 	0.0000 	0.0000 	0.0000 	1.0000 
0.0000 	0.0000 	0.0000 	0.0000 	0.0000 	0.0000 	0.0000 	0.0000 	1.0000 
0.0000 	0.0000 	0.0000 	0.0000 	0.0000 	0.0000 	0.0000 	0.0000 	1.0000 
0.0000 	0.0000 	0.0000 	0.0000 	0.0000 	0.0000 	0.0000 	0.0000 	1.0000 
0.0000 	0.0000 	0.0000 	0.0000 	0.0000 	0.0000 	0.0000 	0.0000 	1.0000 
0.0000 	0.0000 	0.0000 	0.0000 	0.0000 	0.0000 	0.0000 	0.0000 	1.0000 
0.0000 	0.0000 	0.0000 	0.0000 	0.0000 	0.0000 	0.0000 	0.0000 	1.0000 
0.0000 	0.0000 	0.0000 	0.0000 	0.0000 	0.0000 	0.0000 	0.0000 	1.0000 
0.0000 	0.0000 	0.0000 	0.0000 	0.0000 	0.0000 	0.0000 	0.0000 	1.0000 
0.0000 	0.0000 	0.0000 	0.0000 	0.0000 	0.0000 	0.0000 	0.0000 	1.0000 
0.0000 	0.0000 	0.0000 	0.0000 	0.0000 	0.0000 	0.0000 	0.0000 	1.0000 
0.0000 	0.0000 	0.0000 	0.0000 	0.0000 	0.0000 	0.0000 	0.0000 	1.0000 
0.0000 	0.0000 	0.0000 	0.0000 	0.0000 	0.0000 	0.0000 	0.0000 	1.0000 
0.0000 	0.0000 	0.0000 	0.0000 	0.0000 	0.0000 	0.0000 	0.0000 	1.0000 
0.0000 	0.0000 	0.0000 	0.0000 	0.0000 	0.0000 	0.0000 	0.0000 	1.0000 
0.0000 	0.0000 	0.0000 	0.0000 	0.0000 	0.0000 	0.0000 	0.0000 	1.0000 
0.0000 	0.0000 	0.0000 	0.0000 	0.0000 	0.0000 	0.0000 	0.0000 	1.0000 
0.0000 	0.0000 	0.0000 	0.0000 	0.0000 	0.0000 	0.0000 	0.0000 	1.0000 
0.0000 	0.0000 	0.0000 	0.0000 	0.0000 	0.0000 	0.0000 	0.0000 	1.0000 
0.0000 	0.0000 	0.0000 	0.0000 	0.0000 	0.0000 	0.0000 	0.0000 	1.0000 
0.0000 	0.0000 	0.0000 	0.0000 	0.0000 	0.0000 	0.0000 	0.0000 	1.0000 
0.0000 	0.0000 	0.0000 	0.0000 	0.0000 	0.0000 	0.0000 	0.0000 	1.0000 
0.0000 	0.0000 	0.0000 	0.0000 	0.0000 	0.0000 	0.0000 	0.0000 	1.0000 
0.0000 	0.0000 	0.0000 	0.0000 	0.0000 	0.0000 	0.0000 	0.0000 	1.0000 
0.0000 	0.0000 	0.0000 	0.0000 	0.0000 	0.0000 	0.0000 	0.0000 	1.0000 
0.0000 	0.0000 	0.0000 	0.0000 	0.0000 	0.0000 	0.0000 	0.0000 	1.0000 
0.0000 	0.0000 	0.0000 	0.0000 	0.0000 	0.0000 	0.0000 	0.0000 	1.0000 
0.0000 	0.0000 	0.0000 	0.0000 	0.0000 	0.0000 	0.0000 	0.0000 	1.0000 
0.0000 	0.0000 	0.0000 	0.0000 	0.0000 	0.0000 	0.0000 	0.0000 	1.0000 
0.0000 	0.0000 	0.0000 	0.0000 	0.0000 	0.0000 	0.0000 	0.0000 	1.0000 
0.0000 	0.0000 	0.0000 	0.0000 	0.0000 	0.0000 	0.0000 	0.0000 	1.0000 
0.0000 	0.0000 	0.0000 	0.0000 	0.0000 	0.0000 	0.0000 	0.0000 	1.0000 
0.0000 	0.0000 	0.0000 	0.0000 	0.0000 	0.0000 	0.0000 	0.0000 	1.0000 
0.0000 	0.0000 	0.0000 	0.0000 	0.0000 	0.0000 	0.0000 	0.0000 	1.0000 
0.0000 	0.0000 	0.0000 	0.0000 	0.0000 	0.0000 	0.0000 	0.0000 	1.0000 
0.0000 	0.0000 	0.0000 	0.0000 	0.0000 	0.0000 	0.0000 	0.0000 	1.0000 
0.0000 	0.0000 	0.0000 	0.0000 	0.0000 	0.0000 	0.0000 	0.0000 	1.0000 
0.0000 	0.0000 	0.0000 	0.0000 	0.0000 	0.0000 	0.0000 	0.0000 	1.0000 
0.0000 	0.0000 	0.0000 	0.0000 	0.0000 	0.0000 	0.0000 	0.0000 	1.0000 
0.0000 	0.0000 	0.0000 	0.0000 	0.0000 	0.0000 	0.0000 	0.0000 	1.0000 
0.0000 	0.0000 	0.0000 	0.0000 	0.0000 	0.0000 	0.0000 	0.0000 	1.0000 
0.0000 	0.0000 	0.0000 	0.0000 	0.0000 	0.0000 	0.0000 	0.0000 	1.0000 
0.0000 	0.0000 	0.0000 	0.0000 	0.0000 	0.0000 	0.0000 	0.0000 	1.0000 
0.0000 	0.0000 	0.0000 	0.0000 	0.0000 	0.0000 	0.0000 	0.0000 	1.0000 
0.0000 	0.0000 	0.0000 	0.0000 	0.0000 	0.0000 	0.0000 	0.0000 	1.0000 
0.0000 	0.0000 	0.0000 	0.0000 	0.0000 	0.0000 	0.0000 	0.0000 	1.0000 
0.0000 	0.0000 	0.0000 	0.0000 	0.0000 	0.0000 	0.0000 	0.0000 	1.0000 
0.0000 	0.0000 	0.0000 	0.0000 	0.0000 	0.0000 	0.0000 	0.0000 	1.0000 
0.0000 	0.0000 	0.0000 	0.0000 	0.0000 	0.0000 	0.0000 	0.0000 	1.0000 
0.0000 	0.0000 	0.0000 	0.0000 	0.0000 	0.0000 	0.0000 	0.0000 	1.0000 
0.0000 	0.0000 	0.0000 	0.0000 	0.0000 	0.0000 	0.0000 	0.0000 	1.0000 
0.0000 	0.0000 	0.0000 	0.0000 	0.0000 	0.0000 	0.0000 	0.0000 	1.0000 
0.0000 	0.0000 	0.0000 	0.0000 	0.0000 	0.0000 	0.0000 	0.0000 	1.0000 
0.0000 	0.0000 	0.0000 	0.0000 	0.0000 	0.0000 	0.0000 	0.0000 	1.0000 
0.0000 	0.0000 	0.0000 	0.0000 	0.0000 	0.0000 	0.0000 	0.0000 	1.0000 
0.0000 	0.0000 	0.0000 	0.0000 	0.0000 	0.0000 	0.0000 	0.0000 	1.0000 
0.0000 	0.0000 	0.0000 	0.0000 	0.0000 	0.0000 	0.0000 	0.0000 	1.0000 
0.0000 	0.0000 	0.0000 	0.0000 	0.0000 	0.0000 	0.0000 	0.0000 	1.0000 
0.0000 	0.0000 	0.0000 	0.0000 	0.0000 	0.0000 	0.0000 	0.0000 	1.0000 
0.0000 	0.0000 	0.0000 	0.0000 	0.0000 	0.0000 	0.0000 	0.0000 	1.0000 
0.0000 	0.0000 	0.0000 	0.0000 	0.0000 	0.0000 	0.0000 	0.0000 	1.0000 
0.0000 	0.0000 	0.0000 	0.0000 	0.0000 	0.0000 	0.0000 	0.0000 	1.0000 
0.0000 	0.0000 	0.0000 	0.0000 	0.0000 	0.0000 	0.0000 	0.0000 	1.0000 
0.0000 	0.0000 	0.0000 	0.0000 	0.0000 	0.0000 	0.0000 	0.0000 	1.0000 
0.0000 	0.0000 	0.0000 	0.0000 	0.0000 	0.0000 	0.0000 	0.0000 	1.0000 
0.0000 	0.0000 	0.0000 	0.0000 	0.0000 	0.0000 	0.0000 	0.0000 	1.0000 
0.0000 	0.0000 	0.0000 	0.0000 	0.0000 	0.0000 	0.0000 	0.0000 	1.0000 
0.0000 	0.0000 	0.0000 	0.0000 	0.0000 	0.0000 	0.0000 	0.0000 	1.0000 
0.0000 	0.0000 	0.0000 	0.0000 	0.0000 	0.0000 	0.0000 	0.0000 	1.0000 
0.0000 	0.0000 	0.0000 	0.0000 	0.0000 	0.0000 	0.0000 	0.0000 	1.0000 
0.0000 	0.0000 	0.0000 	0.0000 	0.0000 	0.0000 	0.0000 	0.0000 	1.0000 
0.0000 	0.0000 	0.0000 	0.0000 	0.0000 	0.0000 	0.0000 	0.0000 	1.0000 
0.0000 	0.0000 	0.0000 	0.0000 	0.0000 	0.0000 	0.0000 	0.0000 	1.0000 
0.0000 	0.0000 	0.0000 	0.0000 	0.0000 	0.0000 	0.0000 	0.0000 	1.0000 
0.0000 	0.0000 	0.0000 	0.0000 	0.0000 	0.0000 	0.0000 	0.0000 	1.0000 
0.0000 	0.0000 	0.0000 	0.0000 	0.0000 	0.0000 	0.0000 	0.0000 	1.0000 
0.0000 	0.0000 	0.0000 	0.0000 	0.0000 	0.0000 	0.0000 	0.0000 	1.0000 
0.0000 	0.0000 	0.0000 	0.0000 	0.0000 	0.0000 	0.0000 	0.0000 	1.0000 
0.0000 	0.0000 	0.0000 	0.0000 	0.0000 	0.0000 	0.0000 	0.0000 	1.0000 
0.0000 	0.0000 	0.0000 	0.0000 	0.0000 	0.0000 	0.0000 	0.0000 	1.0000 
0.0000 	0.0000 	0.0000 	0.0000 	0.0000 	0.0000 	0.0000 	0.0000 	1.0000 
0.0000 	0.0000 	0.0000 	0.0000 	0.0000 	0.0000 	0.0000 	0.0000 	1.0000 
0.0000 	0.0000 	0.0000 	0.0000 	0.0000 	0.0000 	0.0000 	0.0000 	1.0000 
0.0000 	0.0000 	0.0000 	0.0000 	0.0000 	0.0000 	0.0000 	0.0000 	1.0000 
0.0000 	0.0000 	0.0000 	0.0000 	0.0000 	0.0000 	0.0000 	0.0000 	1.0000 
0.0000 	0.0000 	0.0000 	0.0000 	0.0000 	0.0000 	0.0000 	0.0000 	1.0000 
0.0000 	0.0000 	0.0000 	0.0000 	0.0000 	0.0000 	0.0000 	0.0000 	1.0000 
0.0000 	0.0000 	0.0000 	0.0000 	0.0000 	0.0000 	0.0000 	0.0000 	1.0000 
0.0000 	0.0000 	0.0000 	0.0000 	0.0000 	0.0000 	0.0000 	0.0000 	1.0000 
0.0000 	0.0000 	0.0000 	0.0000 	0.0000 	0.0000 	0.0000 	0.0000 	1.0000 
0.0000 	0.0000 	0.0000 	0.0000 	0.0000 	0.0000 	0.0000 	0.0000 	1.0000 
0.0000 	0.0000 	0.0000 	0.0000 	0.0000 	0.0000 	0.0000 	0.0000 	1.0000 
0.0000 	0.0000 	0.0000 	0.0000 	0.0000 	0.0000 	0.0000 	0.0000 	1.0000 
0.0000 	0.0000 	0.0000 	0.0000 	0.0000 	0.0000 	0.0000 	0.0000 	1.0000 
0.0000 	0.0000 	0.0000 	0.0000 	0.0000 	0.0000 	0.0000 	0.0000 	1.0000 
0.0000 	0.0000 	0.0000 	0.0000 	0.0000 	0.0000 	0.0000 	0.0000 	1.0000 
0.0000 	0.0000 	0.0000 	0.0000 	0.0000 	0.0000 	0.0000 	0.0000 	1.0000 
0.0000 	0.0000 	0.0000 	0.0000 	0.0000 	0.0000 	0.0000 	0.0000 	1.0000 
0.0000 	0.0000 	0.0000 	0.0000 	0.0000 	0.0000 	0.0000 	0.0000 	1.0000 
0.0000 	0.0000 	0.0000 	0.0000 	0.0000 	0.0000 	0.0000 	0.0000 	1.0000 
0.0000 	0.0000 	0.0000 	0.0000 	0.0000 	0.0000 	0.0000 	0.0000 	1.0000 
0.0000 	0.0000 	0.0000 	0.0000 	0.0000 	0.0000 	0.0000 	0.0000 	1.0000 
0.0000 	0.0000 	0.0000 	0.0000 	0.0000 	0.0000 	0.0000 	0.0000 	1.0000 
0.0000 	0.0000 	0.0000 	0.0000 	0.0000 	0.0000 	0.0000 	0.0000 	1.0000 
0.0000 	0.0000 	0.0000 	0.0000 	0.0000 	0.0000 	0.0000 	0.0000 	1.0000 
0.0000 	0.0000 	0.0000 	0.0000 	0.0000 	0.0000 	0.0000 	0.0000 	1.0000 
0.0000 	0.0000 	0.0000 	0.0000 	0.0000 	0.0000 	0.0000 	0.0000 	1.0000 
0.0000 	0.0000 	0.0000 	0.0000 	0.0000 	0.0000 	0.0000 	0.0000 	1.0000 
0.0000 	0.0000 	0.0000 	0.0000 	0.0000 	0.0000 	0.0000 	0.0000 	1.0000 
0.0000 	0.0000 	0.0000 	0.0000 	0.0000 	0.0000 	0.0000 	0.0000 	1.0000 
0.0000 	0.0000 	0.0000 	0.0000 	0.0000 	0.0000 	0.0000 	0.0000 	1.0000 
0.0000 	0.0000 	0.0000 	0.0000 	0.0000 	0.0000 	0.0000 	0.0000 	1.0000 
0.0000 	0.0000 	0.0000 	0.0000 	0.0000 	0.0000 	0.0000 	0.0000 	1.0000 
0.0000 	0.0000 	0.0000 	0.0000 	0.0000 	0.0000 	0.0000 	0.0000 	1.0000 
0.0000 	0.0000 	0.0000 	0.0000 	0.0000 	0.0000 	0.0000 	0.0000 	1.0000 
0.0000 	0.0000 	0.0000 	0.0000 	0.0000 	0.0000 	0.0000 	0.0000 	1.0000 
0.0000 	0.0000 	0.0000 	0.0000 	0.0000 	0.0000 	0.0000 	0.0000 	1.0000 
0.0000 	0.0000 	0.0000 	0.0000 	0.0000 	0.0000 	0.0000 	0.0000 	1.0000 
0.0000 	0.0000 	0.0000 	0.0000 	0.0000 	0.0000 	0.0000 	0.0000 	1.0000 
0.0000 	0.0000 	0.0000 	0.0000 	0.0000 	0.0000 	0.0000 	0.0000 	1.0000 
0.0000 	0.0000 	0.0000 	0.0000 	0.0000 	0.0000 	0.0000 	0.0000 	1.0000 
0.0000 	0.0000 	0.0000 	0.0000 	0.0000 	0.0000 	0.0000 	0.0000 	1.0000 
0.0000 	0.0000 	0.0000 	0.0000 	0.0000 	0.0000 	0.0000 	0.0000 	1.0000 
0.0000 	0.0000 	0.0000 	0.0000 	0.0000 	0.0000 	0.0000 	0.0000 	1.0000 
0.0000 	0.0000 	0.0000 	0.0000 	0.0000 	0.0000 	0.0000 	0.0000 	1.0000 
0.0000 	0.0000 	0.0000 	0.0000 	0.0000 	0.0000 	0.0000 	0.0000 	1.0000 
0.0000 	0.0000 	0.0000 	0.0000 	0.0000 	0.0000 	0.0000 	0.0000 	1.0000 
0.0000 	0.0000 	0.0000 	0.0000 	0.0000 	0.0000 	0.0000 	0.0000 	1.0000 
0.0000 	0.0000 	0.0000 	0.0000 	0.0000 	0.0000 	0.0000 	0.0000 	1.0000 
0.0000 	0.0000 	0.0000 	0.0000 	0.0000 	0.0000 	0.0000 	0.0000 	1.0000 
0.0000 	0.0000 	0.0000 	0.0000 	0.0000 	0.0000 	0.0000 	0.0000 	1.0000 
0.0000 	0.0000 	0.0000 	0.0000 	0.0000 	0.0000 	0.0000 	0.0000 	1.0000 
0.0000 	0.0000 	0.0000 	0.0000 	0.0000 	0.0000 	0.0000 	0.0000 	1.0000 
0.0000 	0.0000 	0.0000 	0.0000 	0.0000 	0.0000 	0.0000 	0.0000 	1.0000 
0.0000 	0.0000 	0.0000 	0.0000 	0.0000 	0.0000 	0.0000 	0.0000 	1.0000 
0.0000 	0.0000 	0.0000 	0.0000 	0.0000 	0.0000 	0.0000 	0.0000 	1.0000 
0.0000 	0.0000 	0.0000 	0.0000 	0.0000 	0.0000 	0.0000 	0.0000 	1.0000 
0.0000 	0.0000 	0.0000 	0.0000 	0.0000 	0.0000 	0.0000 	0.0000 	1.0000 
0.0000 	0.0000 	0.0000 	0.0000 	0.0000 	0.0000 	0.0000 	0.0000 	1.0000 
0.0000 	0.0000 	0.0000 	0.0000 	0.0000 	0.0000 	0.0000 	0.0000 	1.0000 
0.0000 	0.0000 	0.0000 	0.0000 	0.0000 	0.0000 	0.0000 	0.0000 	1.0000 
0.0000 	0.0000 	0.0000 	0.0000 	0.0000 	0.0000 	0.0000 	0.0000 	1.0000 
